0.5	1.0	0.0	1.0	0.5	0.0	0.0	1.0	6.024486721007525e7	1.0	1.0
1.5	1.0	0.0	1.0	0.5	0.0	0.0	1.0	6.024483001719858e7	1.0	3.0
0.5	1.0	-1.0	1.0	0.5	0.0	0.0	1.0	8.672374018499132e6	0.5	4.0
1.5	1.0	-1.0	1.0	0.5	0.0	0.0	1.0	8.672279029441914e6	0.5	6.0
0.5	1.0	-1.0	1.0	1.5	1.0	-1.0	1.0	94.98905721865594	1.5	2.0
1.5	2.0	-1.0	1.0	0.5	1.0	-1.0	1.0	5.572168885399012e6	1.5	3.0
0.5	1.0	0.0	1.0	1.5	1.0	0.0	1.0	37.19287667423487	0.0	2.0
1.5	2.0	0.0	1.0	0.5	1.0	0.0	1.0	21152.076773285866	2.0	3.0
1.5	1.0	1.0	1.0	0.5	1.0	0.0	1.0	1.0006621592775673e8	0.75	5.0
0.5	1.0	0.0	1.0	1.5	2.0	-1.0	1.0	4.600032430617711e7	0.75	6.0
0.5	1.0	1.0	1.0	1.5	1.0	1.0	1.0	96.4908632338047	1.5	2.0
0.5	1.0	1.0	1.0	1.5	2.0	1.0	1.0	6.493390518938452e7	1.5	3.0
0.5	1.0	1.0	1.0	1.5	2.0	-2.0	1.0	1.5161767266857916e8	0.75	5.0
0.5	1.0	1.0	1.0	1.5	2.0	0.0	1.0	1.0004516034184667e8	0.25	6.0
1.5	2.0	-1.0	1.0	1.5	1.0	-1.0	1.0	5.572263874456231e6	1.5	1.0
2.5	2.0	-1.0	1.0	1.5	1.0	-1.0	1.0	5.572062661333773e6	1.5	3.0
1.5	2.0	0.0	1.0	1.5	1.0	0.0	1.0	21189.2696499601	2.0	1.0
2.5	2.0	0.0	1.0	1.5	1.0	0.0	1.0	21127.28094291687	2.0	3.0
1.5	1.0	0.0	1.0	1.5	2.0	-1.0	1.0	4.600028711330043e7	0.75	4.0
1.5	1.0	0.0	1.0	2.5	2.0	-1.0	1.0	4.6000488326422885e7	0.75	6.0
1.5	1.0	1.0	1.0	1.5	2.0	1.0	1.0	6.4933808698521286e7	1.5	1.0
1.5	1.0	1.0	1.0	2.5	2.0	1.0	1.0	6.493403228869827e7	1.5	3.0
1.5	1.0	1.0	1.0	1.5	2.0	0.0	1.0	1.0004506385098344e8	0.25	4.0
1.5	1.0	1.0	1.0	2.5	2.0	0.0	1.0	1.0004512583969049e8	0.25	6.0
1.5	2.0	-2.0	1.0	2.5	2.0	-2.0	1.0	94.21785308420658	3.3333333333333335	2.0
2.5	3.0	-2.0	1.0	1.5	2.0	-2.0	1.0	5.582730049509509e6	1.6666666666666667	3.0
1.5	2.0	-1.0	1.0	2.5	2.0	-1.0	1.0	201.21312245726585	0.8333333333333334	2.0
2.5	3.0	-1.0	1.0	1.5	2.0	-1.0	1.0	345135.12126744166	2.6666666666666665	3.0
2.5	2.0	0.0	1.0	1.5	2.0	-1.0	1.0	4.6021414394243345e7	0.8333333333333334	5.0
2.5	3.0	-2.0	1.0	1.5	2.0	-1.0	1.0	31694.105727430433	1.6666666666666667	6.0
1.5	2.0	0.0	1.0	2.5	2.0	0.0	1.0	61.988707043230534	0.0	2.0
2.5	3.0	0.0	1.0	1.5	2.0	0.0	1.0	31721.87435568869	3.0	3.0
2.5	2.0	1.0	1.0	1.5	2.0	0.0	1.0	3.511103156228518e7	1.25	5.0
1.5	2.0	0.0	1.0	2.5	3.0	-1.0	1.0	4.567634126168295e7	1.0	6.0
1.5	2.0	1.0	1.0	2.5	2.0	1.0	1.0	223.59017698466778	0.8333333333333334	2.0
2.5	3.0	1.0	1.0	1.5	2.0	1.0	1.0	31690.12646174431	2.6666666666666665	3.0
2.5	2.0	2.0	1.0	1.5	2.0	1.0	1.0	6.495494262291759e7	1.25	5.0
1.5	2.0	1.0	1.0	2.5	3.0	0.0	1.0	3.507953327810647e7	0.5	6.0
1.5	2.0	2.0	1.0	2.5	2.0	2.0	1.0	95.05083385109901	3.3333333333333335	2.0
1.5	2.0	2.0	1.0	2.5	3.0	2.0	1.0	3.1980735263127685e7	1.6666666666666667	3.0
1.5	2.0	2.0	1.0	2.5	3.0	-3.0	1.0	1.5160708977422577e8	0.8333333333333334	5.0
1.5	2.0	2.0	1.0	2.5	3.0	1.0	1.0	6.49233475472897e7	0.16666666666666666	6.0
2.5	3.0	-2.0	1.0	2.5	2.0	-2.0	1.0	5.582824267362593e6	1.6666666666666667	1.0
3.5	3.0	-2.0	1.0	2.5	2.0	-2.0	1.0	5.582639782789508e6	1.6666666666666667	3.0
2.5	3.0	-1.0	1.0	2.5	2.0	-1.0	1.0	345336.3343898989	2.6666666666666665	1.0
3.5	3.0	-1.0	1.0	2.5	2.0	-1.0	1.0	345017.64245894365	2.6666666666666665	3.0
2.5	3.0	-2.0	1.0	2.5	2.0	-1.0	1.0	31895.3188498877	1.6666666666666667	4.0
3.5	3.0	-2.0	1.0	2.5	2.0	-1.0	1.0	31710.834276802838	1.6666666666666667	6.0
2.5	3.0	0.0	1.0	2.5	2.0	0.0	1.0	31783.86306273192	3.0	1.0
3.5	3.0	0.0	1.0	2.5	2.0	0.0	1.0	31697.077659212053	3.0	3.0
2.5	2.0	0.0	1.0	2.5	3.0	-1.0	1.0	4.567627927297591e7	1.0	4.0
2.5	2.0	0.0	1.0	3.5	3.0	-1.0	1.0	4.5676597964906864e7	1.0	6.0
2.5	3.0	1.0	1.0	2.5	2.0	1.0	1.0	31913.716638728976	2.6666666666666665	1.0
3.5	3.0	1.0	1.0	2.5	2.0	1.0	1.0	31713.57981108129	2.6666666666666665	3.0
2.5	2.0	1.0	1.0	2.5	3.0	0.0	1.0	3.507930968792949e7	0.5	4.0
2.5	2.0	1.0	1.0	3.5	3.0	0.0	1.0	3.507939647333301e7	0.5	6.0
2.5	2.0	2.0	1.0	2.5	3.0	2.0	1.0	3.1980640212293833e7	1.6666666666666667	1.0
2.5	2.0	2.0	1.0	3.5	3.0	2.0	1.0	3.1980954563089818e7	1.6666666666666667	3.0
2.5	2.0	2.0	1.0	2.5	3.0	1.0	1.0	6.492325249645585e7	0.16666666666666666	4.0
2.5	2.0	2.0	1.0	3.5	3.0	1.0	1.0	6.4923452633283496e7	0.16666666666666666	6.0
2.5	3.0	-3.0	1.0	3.5	3.0	-3.0	1.0	109.3556379377842	5.25	2.0
3.5	4.0	-3.0	1.0	2.5	3.0	-3.0	1.0	1.0580905549434219e6	1.75	3.0
2.5	3.0	-2.0	1.0	3.5	3.0	-2.0	1.0	184.48457308486104	2.3333333333333335	2.0
3.5	4.0	-2.0	1.0	2.5	3.0	-2.0	1.0	42277.24037190899	3.0	3.0
3.5	3.0	-1.0	1.0	2.5	3.0	-2.0	1.0	313122.32360905595	0.875	5.0
2.5	3.0	-2.0	1.0	3.5	4.0	-3.0	1.0	4.492924115845779e6	2.625	6.0
2.5	3.0	-1.0	1.0	3.5	3.0	-1.0	1.0	318.6919309552759	0.5833333333333334	2.0
3.5	4.0	-1.0	1.0	2.5	3.0	-1.0	1.0	42258.79725375585	3.75	3.0
3.5	3.0	0.0	1.0	2.5	3.0	-1.0	1.0	4.570797635063512e7	1.4583333333333333	5.0
2.5	3.0	-1.0	1.0	3.5	4.0	-2.0	1.0	271163.77516810223	1.875	6.0
2.5	3.0	0.0	1.0	3.5	3.0	0.0	1.0	86.78540351986885	0.0	2.0
3.5	4.0	0.0	1.0	2.5	3.0	0.0	1.0	42291.621377408504	4.0	3.0
3.5	3.0	1.0	1.0	2.5	3.0	0.0	1.0	3.511102326774057e7	1.75	5.0
2.5	3.0	0.0	1.0	3.5	4.0	-1.0	1.0	4.566580433878488e7	1.25	6.0
2.5	3.0	1.0	1.0	3.5	3.0	1.0	1.0	200.136827647686	0.5833333333333334	2.0
3.5	4.0	1.0	1.0	2.5	3.0	1.0	1.0	42276.48553305864	3.75	3.0
3.5	3.0	2.0	1.0	2.5	3.0	1.0	1.0	3.294229793336603e7	1.75	5.0
2.5	3.0	1.0	1.0	3.5	4.0	0.0	1.0	3.506893178319081e7	0.75	6.0
2.5	3.0	2.0	1.0	3.5	3.0	2.0	1.0	314.3507959842682	2.3333333333333335	2.0
3.5	4.0	2.0	1.0	2.5	3.0	2.0	1.0	42259.68771383166	3.0	3.0
3.5	3.0	3.0	1.0	2.5	3.0	2.0	1.0	3.201234078312722e7	1.4583333333333333	5.0
2.5	3.0	2.0	1.0	3.5	4.0	1.0	1.0	3.2900335798628956e7	0.375	6.0
2.5	3.0	3.0	1.0	3.5	3.0	3.0	1.0	109.93308019638062	5.25	2.0
2.5	3.0	3.0	1.0	3.5	4.0	3.0	1.0	3.187590396611902e7	1.75	3.0
2.5	3.0	3.0	1.0	3.5	4.0	-4.0	1.0	1.5159651700227335e8	0.875	5.0
2.5	3.0	3.0	1.0	3.5	4.0	2.0	1.0	3.1970191028493583e7	0.125	6.0
3.5	4.0	-3.0	1.0	3.5	3.0	-3.0	1.0	1.0581999105813596e6	1.75	1.0
3.5	4.0	-2.0	1.0	3.5	3.0	-2.0	1.0	42461.72494499385	3.0	1.0
3.5	3.0	-2.0	1.0	3.5	4.0	-3.0	1.0	4.492739631272694e6	2.625	4.0
3.5	4.0	-1.0	1.0	3.5	3.0	-1.0	1.0	42577.48918471113	3.75	1.0
3.5	3.0	-1.0	1.0	3.5	4.0	-2.0	1.0	270845.08323714696	1.875	4.0
3.5	4.0	0.0	1.0	3.5	3.0	0.0	1.0	42378.40678092837	4.0	1.0
3.5	3.0	0.0	1.0	3.5	4.0	-1.0	1.0	4.566571755338136e7	1.25	4.0
3.5	4.0	1.0	1.0	3.5	3.0	1.0	1.0	42476.62236070633	3.75	1.0
3.5	3.0	1.0	1.0	3.5	4.0	0.0	1.0	3.506873164636316e7	0.75	4.0
3.5	4.0	2.0	1.0	3.5	3.0	2.0	1.0	42574.03850981593	3.0	1.0
3.5	3.0	2.0	1.0	3.5	4.0	1.0	1.0	3.290002144783297e7	0.375	4.0
3.5	3.0	3.0	1.0	3.5	4.0	3.0	1.0	3.1875794033038825e7	1.75	1.0
3.5	3.0	3.0	1.0	3.5	4.0	2.0	1.0	3.1970081095413387e7	0.125	4.0
