31 00 31 31 30 01 30 30 157920.42200 0.10000  
31 01 31 31 30 00 30 30 157920.42200 0.10000  
31 00 31 32 30 01 30 31 157924.62500 0.10000  
31 01 31 32 30 00 30 31 157924.62500 0.10000  
30 01 29 30 29 02 28 29 157921.98400 0.10000 
30 02 29 30 29 01 28 29 157921.98400 0.10000 
30 01 29 31 29 02 28 30 157926.32800 0.10000  
30 02 29 31 29 01 28 30 157926.32800 0.10000  
29 02 27 29 28 03 26 28 157924.62500 0.10000  
29 03 27 29 28 02 26 28 157924.62500 0.10000  
29 02 27 30 28 03 26 29 157928.35900 0.10000  
29 03 27 30 28 02 26 29 157928.35900 0.10000  
28 03 25 28 27 04 24 27 157927.28100 0.10000  
28 04 25 28 27 03 24 27 157927.28100 0.10000  
28 03 25 29 27 04 24 28 157931.31300 0.10000  
28 04 25 29 27 03 24 28 157931.31300 0.10000  
27 04 23 27 26 05 22 26 157932.40600 0.10000 
27 05 23 27 26 04 22 26 157932.40600 0.10000 
27 04 23 28 26 05 22 27 157936.75000 0.10000  
27 05 23 28 26 04 22 27 157936.75000 0.10000  
26 05 21 26 25 06 20 25 157942.20300 0.10000 
26 06 21 26 25 05 20 25 157942.20300 0.10000 
26 05 21 27 25 06 20 26 157946.40600 0.10000  
26 06 21 27 25 05 20 26 157946.40600 0.10000  
25 06 19 25 24 07 18 24 157960.71900 0.10000  
25 07 19 25 24 06 18 24 157960.71900 0.10000  
25 06 19 26 24 07 18 25 157964.14100 0.10000 
25 07 19 26 24 06 18 25 157964.14100 0.10000 
32 00 32 32 31 01 31 31 162933.00000 0.10000 
32 01 32 32 31 00 31 31 162933.00000 0.10000 
32 00 32 33 31 01 31 32 162937.45300 0.10000  
32 01 32 33 31 00 31 32 162937.45300 0.10000  
31 01 30 31 30 02 29 30 162934.70300 0.10000
31 02 30 31 30 01 29 30 162934.70300 0.10000
31 01 30 32 30 02 29 31 162939.29700 0.10000  
31 02 30 32 30 01 29 31 162939.29700 0.10000  
30 02 28 30 29 02 27 29 162936.54700 0.10000 
30 03 28 30 29 02 27 29 162936.54700 0.10000 
30 02 28 31 29 03 27 30 162941.00000 0.10000  
30 03 28 31 29 02 27 30 162941.00000 0.10000  
29 03 26 29 28 04 25 28 162939.29700 0.10000 
29 04 26 29 28 03 25 28 162939.29700 0.10000 
29 03 26 30 28 04 25 29 162943.84400 0.10000  
29 04 26 30 28 03 25 29 162943.84400 0.10000  
28 04 24 28 27 05 23 27 162944.65600 0.10000  
28 05 24 28 27 04 23 27 162944.65600 0.10000  
28 04 24 29 27 05 23 28 162948.59400 0.10000 
28 05 24 29 27 04 23 28 162948.59400 0.10000 
27 05 22 27 26 06 21 26 162953.20300 0.10000 
27 06 22 27 26 05 21 26 162953.20300 0.10000 
27 05 22 28 26 06 21 27 162957.32800 0.10000 
27 06 22 28 26 05 21 27 162957.32800 0.10000 
26 06 20 26 25 07 19 25 162969.59400 0.10000 
26 07 20 26 25 06 19 25 162969.59400 0.10000 
26 06 20 27 25 07 19 26 162973.32800 0.10000
26 07 20 27 25 06 19 26 162973.32800 0.10000
25 07 18 25 24 08 17 24 163000.00000 0.10000 
25 08 18 25 24 07 17 24 163000.00000 0.10000 
25 07 18 26 24 08 17 25 163003.46900 0.10000
25 08 18 26 24 07 17 25 163003.46900 0.10000
33 00 33 33 32 01 32 32 167945.73400 0.10000
33 01 33 33 32 00 32 32 167945.73400 0.10000
33 00 33 34 32 01 32 33 167950.00000 0.10000
33 01 33 34 32 00 32 33 167950.00000 0.10000
32 01 31 32 31 02 30 31 167947.32800 0.10000
32 02 31 32 31 01 30 31 167947.32800 0.10000
32 01 31 33 31 02 30 32 167951.73400 0.10000
32 02 31 33 31 01 30 32 167951.73400 0.10000
31 02 29 31 30 03 28 30 167949.20300 0.10000
31 03 29 31 30 02 28 30 167949.20300 0.10000
31 02 29 32 30 03 28 31 167953.46900 0.10000
31 03 29 32 30 02 28 31 167953.46900 0.10000
30 03 27 30 29 04 26 29 167951.73400 0.10000
30 04 27 30 29 03 26 29 167951.73400 0.10000
30 03 27 31 29 04 26 30 167956.40500 0.10000 
30 04 27 31 29 03 26 30 167956.40500 0.10000 
29 04 25 29 28 05 24 28 167956.40500 0.10000
29 05 25 29 28 04 24 28 167956.40500 0.10000
29 04 25 30 28 05 24 29 167960.79700 0.10000 
29 05 25 30 28 04 24 29 167960.79700 0.10000 
28 05 23 28 27 06 22 27 167964.53100 0.10000
28 06 23 28 27 05 22 27 167964.53100 0.10000
28 05 23 29 27 06 22 28 167968.53100 0.10000
28 06 23 29 27 05 22 28 167968.53100 0.10000
27 06 21 27 26 07 20 26 167979.06300 0.10000 
27 07 21 27 26 06 20 26 167979.06300 0.10000 
27 06 21 28 26 07 20 27 167982.93800 0.10000 
27 07 21 28 26 06 20 27 167982.93800 0.10000 
26 07 19 26 25 08 18 25 168005.46900 0.10000 
26 08 19 26 25 07 18 25 168005.46900 0.10000 
26 07 19 27 25 08 18 26 168008.93800 0.10000
26 08 19 27 25 07 18 26 168008.93800 0.10000
29 05 24 29 28 06 23 28 172975.93800 0.10000 
29 06 24 29 28 05 23 28 172975.93800 0.10000 
29 05 24 30 28 06 23 29 172980.09400 0.10000 
29 06 24 30 28 05 23 29 172980.09400 0.10000 
28 06 22 28 27 07 21 27 172988.89100 0.10000 
28 07 22 28 27 06 21 27 172988.89100 0.10000 
28 06 22 29 27 07 21 28 172992.79700 0.10000 
28 07 22 29 27 06 21 28 172992.79700 0.10000 
27 07 20 27 26 08 19 26 173012.23400 0.10000 
27 08 20 27 26 07 19 26 173012.23400 0.10000 
27 07 20 28 26 08 19 27 173015.65600 0.10000 
27 08 20 28 26 07 19 27 173015.65600 0.10000 
48 00 48 48 47 01 47 47 243127.81300 0.10000 
48 01 48 48 47 00 47 47 243127.81300 0.10000 
48 00 48 49 47 01 47 48 243132.20300 0.10000 
48 01 48 49 47 00 47 48 243132.20300 0.10000 
47 01 46 47 46 02 45 46 243129.34400 0.10000 
47 02 46 47 46 01 45 46 243129.34400 0.10000 
47 01 46 48 46 02 45 47 243133.90600 0.10000  
47 02 46 48 46 01 45 47 243133.90600 0.10000  
46 02 44 46 45 03 43 45 243130.75000 0.10000  
46 03 44 46 45 02 43 45 243130.75000 0.10000  
46 02 44 47 45 03 43 46 243135.15600 0.10000  
46 03 44 47 45 02 43 46 243135.15600 0.10000  
45 03 42 45 44 04 41 44 243132.20300 0.10000  
45 04 42 45 44 03 41 44 243132.20300 0.10000  
45 03 42 46 44 04 41 45 243136.34400 0.10000  
45 04 42 46 44 03 41 45 243136.34400 0.10000  
44 04 40 44 43 05 39 43 243133.90600 0.10000  
44 05 40 44 43 04 39 43 243133.90600 0.10000  
44 04 40 45 43 05 39 44 243137.95300 0.10000 
44 05 40 45 43 04 39 44 243137.95300 0.10000 
43 05 38 43 42 06 37 42 243136.34400 0.10000  
43 06 38 43 42 05 37 42 243136.34400 0.10000  
43 05 38 44 42 06 37 43 243140.40600 0.10000 
43 06 38 44 42 05 37 43 243140.40600 0.10000 
42 06 36 42 41 07 35 41 243140.40600 0.10000  
42 07 36 42 41 06 35 41 243140.40600 0.10000  
42 06 36 43 41 07 35 42 243144.25000 0.10000 
42 07 36 43 41 06 35 42 243144.25000 0.10000 
41 07 34 41 40 08 33 40 243146.29700 0.10000  
41 08 34 41 40 07 33 40 243146.29700 0.10000  
41 07 34 42 40 08 33 41 243150.04700 0.10000 
41 08 34 42 40 07 33 41 243150.04700 0.10000 
40 08 32 40 39 09 31 39 243155.90600 0.10000  
40 09 32 40 39 08 31 39 243155.90600 0.10000  
40 08 32 41 39 09 31 40 243160.04700 0.10000  
40 09 32 41 39 08 31 40 243160.04700 0.10000  
39 09 30 39 38 10 29 38 243170.75000 0.10000 
39 10 30 39 38 09 29 38 243170.75000 0.10000 
39 09 30 40 38 10 29 39 243174.95300 0.10000  
39 10 30 40 38 09 29 39 243174.95300 0.10000  
38 10 28 38 37 11 27 37 243193.96900 0.10000 
38 11 28 38 37 10 27 37 243193.96900 0.10000 
38 10 28 39 37 11 27 38 243198.04700 0.10000  
38 11 28 39 37 10 27 38 243198.04700 0.10000  
41 08 33 41 40 09 32 40 248165.42200 0.10000 
41 09 33 41 40 08 32 40 248165.42200 0.10000 
41 08 33 42 40 09 32 41 248169.57800 0.10000  
41 09 33 42 40 08 32 41 248169.57800 0.10000  
40 09 31 40 39 10 30 39 248179.17200 0.10000 
40 10 31 40 39 09 30 39 248179.17200 0.10000 
40 09 31 41 39 10 30 40 248183.06300 0.10000 
40 10 31 41 39 09 30 40 248183.06300 0.10000 
39 10 29 39 38 11 28 38 248200.42200 0.10000  
39 11 29 39 38 10 28 38 248200.42200 0.10000  
39 10 29 40 38 11 28 39 248204.17200 0.10000 
39 11 29 40 38 10 28 39 248204.17200 0.10000 
42 09 34 42 41 08 33 41 253175.32800 0.10000  
42 08 34 42 41 09 33 41 253175.32800 0.10000  
42 09 34 43 41 08 33 42 253179.35900 0.10000  
42 08 34 43 41 09 33 42 253179.35900 0.10000  
41 09 32 41 40 10 31 40 253187.75000 0.10000 
41 10 32 41 40 09 31 40 253187.75000 0.10000 
41 09 32 42 40 10 31 41 253191.64100 0.10000 
41 10 32 42 40 09 31 41 253191.64100 0.10000 
40 10 30 40 39 11 29 39 253207.25000 0.10000  
40 11 30 40 39 10 29 39 253207.25000 0.10000  
40 10 30 41 39 11 29 40 253211.00000 0.10000 
40 11 30 41 39 10 29 40 253211.00000 0.10000 
39 11 28 39 38 12 27 38 253236.85900 0.10000  
39 12 28 39 38 11 27 38 253236.85900 0.10000  
39 11 28 40 38 12 27 39 253240.46900 0.10000 
39 12 28 40 38 11 27 39 253240.46900 0.10000 
44 07 37 44 43 08 36 43 258176.90600 0.10000 
44 08 37 44 43 07 36 43 258176.90600 0.10000 
44 07 37 45 43 08 36 44 258181.42200 0.10000 
44 08 37 45 43 07 36 44 258181.42200 0.10000 
43 08 35 43 42 09 34 42 258184.68800 0.10000 
43 09 35 43 42 08 34 42 258184.68800 0.10000 
43 08 35 44 42 09 34 43 258189.04700 0.10000  
43 09 35 44 42 08 34 43 258189.04700 0.10000  
42 09 33 42 41 10 32 41 258196.35900 0.10000 
42 10 33 42 41 09 32 41 258196.35900 0.10000 
42 09 33 43 41 10 32 42 258200.56300 0.10000  
42 10 33 43 41 09 32 42 258200.56300 0.10000  
41 10 31 41 40 11 30 40 258214.25000 0.10000  
41 11 31 41 40 10 30 40 258214.25000 0.10000  
41 10 31 42 40 11 30 41 258218.28100 0.10000  
41 11 31 42 40 10 30 41 258218.28100 0.10000  
40 11 29 40 39 12 28 39 258241.31300 0.10000  
40 12 29 40 39 11 28 39 258241.31300 0.10000  
40 11 29 41 39 12 28 40 258245.04700 0.10000  
40 12 29 41 39 11 28 40 258245.04700 0.10000  
39 12 27 39 38 13 26 38 258282.53100 0.10000  
39 13 27 39 38 12 26 38 258282.53100 0.10000  
39 12 27 40 38 13 26 39 258285.79700 0.10000 
39 13 27 40 38 12 26 39 258285.79700 0.10000 