  ClONO2, 35 isotope                               Wed JTue Apr 18 12:29:30 2023
  18 1007    3    0     0.0000E+00     4.0000E+00     1.0000E+00 1.0000000000
 's'    4    1    0   60    0    1    1    1         0    1    0
        10000   1.210578479872734E+04 1.00000000E+37 /A
        20000   2.777001086195126E+03 1.00000000E+37 /B
        30000   2.258151069636074E+03 1.00000000E+37 /C
          200  -5.007011210358210E-04 1.00000000E+37 /DJ
         1100  -3.856389933196308E-03 1.00000000E+37 /DJK
         2000  -9.469131090733650E-03 1.00000000E+37 /DK
        40100  -9.581275091538625E-05 1.00000000E+37 /d1
        50000  -1.771194096828585E-05 1.00000000E+37 /d2
          300  -1.380500116991748E-10 1.00000000E+37 /HJ
         1200  -5.843217093412934E-09 1.00000000E+37 /HJK
         2100  -1.158545320353646E-08 1.00000000E+37 /HKJ
         3000   2.426470441157080E-08 1.00000000E+37 /HK
        40200  -1.450574930440372E-11 1.00000000E+37 /h1
        50100  -5.815169269594576E-12 1.00000000E+37 /h2
        60000   4.713550355147888E-12 1.00000000E+37 /h3
    110010000  -1.258249301190131E+02 1.00000000E+37 /chia
    110040000  -1.108681214605305E+01 1.00000000E+37 /chib-c
    110610000   7.419892644019639E+01 1.00000000E+37 /chiab
